19330.143540669856600 30641.148325358849700 23813.397129186604700 23272.727272727275100 22866.028708133973200 23961.722488038278900 25856.459330143542400 29598.086124401913600
30263.157894736844900 24167.464114832536600 23047.846889952151200 23995.215311004792000 23679.425837320575800 25961.722488038279900 29775.119617224881900 30253.588516746412400
23244.019138755980300 22966.507177033494200 23444.976076555026700 23382.775119617224300 25688.995215311006300 29703.349282296649200 31602.870813397130600 24296.650717703349100
24564.593301435407700 24291.866028708135000 26813.397129186606100 25808.612440191383500 31267.942583732059200 32382.775119617227000 26090.909090909093600 24842.105263157894100
25133.971291866027900 24315.789473684214200 26066.985645933019100 29478.468899521533200 30090.909090909095100 23803.827751196171600 23904.306220095693700 24047.846889952154600
24555.023923444985000 26416.267942583738200 30449.760765550243400 31377.990430622005000 28842.105263157897900 25717.703349282298800 25976.076555023926700 26076.555023923444600
26119.617224880385400 28942.583732057421400 30909.090909090906600 24913.875598086123600 24492.822966507182200 23444.976076555022400 23430.622009569378100 26047.846889952149700
28727.272727272726700 30320.574162679427500 24674.641148325362000 24248.803827751197800 25105.263157894733500 24899.521531100477500 26545.454545454545300 29296.650717703348400
29129.186602870814900 25526.315789473687500 30660.287081339716200 24105.263157894737300 24459.330143540671200 25076.555023923446400 29923.444976076557300 30148.325358851677000
23674.641148325360100 23631.578947368419500 24449.760765550237600 25684.210526315786100 24732.057416267942900 29440.191387559810200 30832.535885167466700 23665.071770334929300
23124.401913875598400 22880.382775119618900 24153.110047846890700 24952.153110047850100 29626.794258373211200 28511.961722488035900 24234.449760765549500 23205.741626794257700
23622.009569377991100 24253.588516746412200 26645.933014354067800 30401.913875598083100 30224.880382775120500 24287.081339712922000 27167.464114832536000 29267.942583732053900
28913.875598086125600 29851.674641148327500 30952.153110047851700 33368.421052631581200 25866.028708133978100 25846.889952153116300 25449.760765550236400 26244.019138755983200
27373.205741626795300 31856.459330143534100 31980.861244019139100 24866.028708133965900 24009.569377990431200 24291.866028708135500 25885.167464114833100 27889.952153110048400
28741.626794258378500 25263.157894736839000 30741.626794258373400 25913.875598086124800 25382.775119617224400 25191.387559808611400 26440.191387559816400 30344.497607655502600
29842.105263157898600 23784.688995215308600 23244.019138755977200 23703.349282296648200 24282.296650717707600 26459.330143540674500 30703.349282296651000 30947.368421052630200
23918.660287081341100 25612.440191387560300 27641.148325358852700 28937.799043062204900 30124.401913875598600 33660.287081339714000 32430.622009569381000 27215.311004784689200
26239.234449760770500 25028.708133971293400 25617.224880382777600 27913.875598086130400 29684.210526315796600 32119.617224880389300 27358.851674641151400 28578.947368421054700
29578.947368421051000 27631.578947368420000 29186.602870813400300 32990.430622009570600 31411.483253588519800 26459.330143540674000 26645.933014354067000 28344.497607655503900
25918.660287081339400 28272.727272727270900 32449.760765550242600 34105.263157894730200 24669.856459330145000 24330.143540669851900 24521.531100478471800 26215.311004784690300
31593.301435406702000 30110.047846889951000 31846.889952153114000 24516.746411483256100 24564.593301435412000 25545.454545454553100 25789.473684210527000 26564.593301435410000
29186.602870813402600 32507.177033492824900 26746.411483253589300 28401.913875598081600 27090.909090909093300 31162.679425837328100 33976.076555023921700 35818.181818181816600
37540.669856459332100 29464.114832535890700 27334.928229665071800 28770.334928229664600 30727.272727272729700 31933.014354066987100 31483.253588516749500 32669.856459330145500
26435.406698564595700 27306.220095693782500 25966.507177033495600 25339.712918660287800 27043.062200956936800 31674.641148325363500 33583.732057416270600 26473.684210526315000
26377.990430622011600 27349.282296650715100 29153.110047846890300 29746.411483253587900 35511.961722488041800 32947.368421052640000 26057.416267942585300 25483.253588516748600
27306.220095693781000 27703.349282296653500 30751.196172248800100 34296.650717703357300 36354.066985645930400 31148.325358851680200 30679.425837320578200 31406.698564593299000
33478.468899521529700 32315.789473684214300 34808.612440191390000 35976.076555023926200 27253.588516746415500 26521.531100478472200 27502.392344497605300 29411.483253588516200
29995.215311004787300 32397.129186602864200 32645.933014354070300 28177.033492822969200 30574.162679425838300 31832.535885167461800 34258.373205741631300 33674.641148325361900
33478.468899521533100 34086.124401913876300 35760.765550239237900 29990.430622009564600 27483.253588516749900 29421.052631578946700 33679.425837320578400 36287.081339712919400
34392.344497607656600 27727.272727272727200 26827.751196172250000 26751.196172248807300 27473.684210526317700 26708.133971291868500 30382.775119617225500 31224.880382775127800
25928.229665071772800 27090.909090909091700 28100.478468899522400 27421.052631578945800 27282.296650717700100 30976.076555023921100 31377.990430622014500 25961.722488038279800
27899.521531100480700 29004.784688995219300 30636.363636363637500 30358.851674641149100 31837.320574162683800 33669.856459330142600 28210.526315789475300 30062.200956937800000
29736.842105263160000 27751.196172248805800 29306.220095693783000 31899.521531100481000 31306.220095693780700 25330.143540669860200 26186.602870813396500 24784.688995215311500
24741.626794258375500 25885.167464114832900 29397.129186602875400 32641.148325358855200 25339.712918660288300 24411.483253588518600 24904.306220095695600 26574.162679425840900
26899.521531100481700 32880.382775119620100 34952.153110047851000 24870.813397129191900 27038.277511961722300 34220.095693779902800 24794.258373205742000 25535.885167464114700
30502.392344497611700 32129.186602870814100 23980.861244019145400 24229.665071770334300 24693.779904306215800 26516.746411483253200 26124.401913875598800 30607.655502392347400
30511.961722488037800 22913.875598086122300 21674.641148325361500 21526.315789473683800 21081.339712918662900 23114.832535885171000 28004.784688995215300 28449.760765550238700
22100.478468899516700 20339.712918660288100 20684.210526315790100 20267.942583732059700 22511.961722488040200 26889.952153110047300 27502.392344497613600 23430.622009569376700
27000.000000000001800 21354.066985645936700 21909.090909090909300 24421.052631578945900 28966.507177033494400 28722.488038277512500 21363.636363636360100 21617.224880382778200
22167.464114832536200 23000.000000000003800 23999.999999999998400 28181.818181818179100 29043.062200956937300 21961.722488038281600 21971.291866028704800 21440.191387559804900
21047.846889952147400 24282.296650717712000 27966.507177033495100 28416.267942583737300 21540.669856459332900 21167.464114832536400 20832.535885167461700 21526.315789473682100
23411.483253588518400 28095.693779904308900 29569.377990430624500 22349.282296650718500 21416.267942583731400 23593.301435406697200 27923.444976076552600 23856.459330143537900
27803.827751196174700 29076.555023923449400 21913.875598086124200 21153.110047846889100 22885.167464114834500 28684.210526315795200 24760.765550239232700 28124.401913875599400
28440.191387559812100 22636.363636363639900 22430.622009569380800 21602.870813397128600 22000.000000000004700 25191.387559808618100 30555.023923444976000 32038.277511961722500
25602.870813397130300 23732.057416267939300 23009.569377990432100 24349.282296650718200 27617.224880382775300 21215.311004784692000 5167.464114832535600 23569.377990430622700
26507.177033492818600 26473.684210526314600 26076.555023923441400 28473.684210526308000 23258.373205741626000 22808.612440191393300 25210.526315789474400 25100.478468899525600
23071.770334928227500 22593.301435406698600 25033.492822966510300 28564.593301435412700 30516.746411483256900 23851.674641148324500 22803.827751196177000 24210.526315789478300
24315.789473684212800 25641.148325358857400 30507.177033492825000 28751.196172248807400 22980.861244019139300 23985.645933014353500 23086.124401913874800 22531.100478468899300
24114.832535885168700 28373.205741626800400 29191.387559808609900 23119.617224880386100 22421.052631578954200 21578.947368421049000 23167.464114832533700 25177.033492822968500
29665.071770334928100 30425.837320574164500 23502.392344497608400 22937.799043062200000 22593.301435406700200 24076.555023923446600 26320.574162679431500 31124.401913875600500
31038.277511961719400 23043.062200956935700 22540.669856459335100 23861.244019138749200 23574.162679425839500 25100.478468899520500 30038.277511961721300 30492.822966507175000
23220.095693779900900 23526.315789473685700 22669.856459330141600 21698.564593301434900 24679.425837320573000 28607.655502392349300 29607.655502392348800 26177.033492822969800
28444.976076555026800 21492.822966507182600 22354.066985645935800 23684.210526315788600 30143.540669856460600 29980.861244019145100 23181.818181818182500 21794.258373205743200
22239.234449760770800 22454.545454545456600 23746.411483253586500 29550.239234449765900 29866.028708133972500 22110.047846889952700 21717.703349282294400 21406.698564593297300
22732.057416267944200 24947.368421052631400 30071.770334928226500 30478.468899521533500 21822.966507177033400 21062.200956937799700 21593.301435406702600 22320.574162679424000
24956.937799043063100 28870.813397129185200 29885.167464114832200 23186.602870813395800 20320.574162679424700 21320.574162679425200 21732.057416267949000 24033.492822966512500
28133.971291866029100 29315.789473684215900 23148.325358851679200 22794.258373205738500 23052.631578947364300 23411.483253588516600 25071.770334928232100 27301.435406698568200
30320.574162679426500 23253.588516746412600 22712.918660287082300 24028.708133971293100 25712.918660287084500 27598.086124401912800 29870.813397129187500 25875.598086124401200
27775.119617224882400 22842.105263157895100 22272.727272727272700 21588.516746411482700 25851.674641148332200 28650.717703349280900 29818.181818181815000 23234.449760765551900
22516.746411483258400 23272.727272727272300 22665.071770334927100 24019.138755980859300 27535.885167464115400 29492.822966507178300 23119.617224880381700 24244.019138755979900
28679.425837320578000 21665.071770334928000 24153.110047846891500 28827.751196172250800 29870.813397129189600 25636.363636363638900 29588.516746411487500 22559.808612440196100
22799.043062200957700 25622.009569377989700 28598.086124401911800 29913.875598086128800 23425.837320574162300 23440.191387559810400 24521.531100478469200 25492.822966507176900
27669.856459330147300 33411.483253588518200 32578.947368421059300 23741.626794258376900 24617.224880382770000 26234.449760765552500 23971.291866028710200 24846.889952153110600
28052.631578947368600 28440.191387559808000 21904.306220095696000 22866.028708133974600 25564.593301435406800 27000.000000000003500 24846.889952153113200 27397.129186602867400
29224.880382775123200 23153.110047846891300 22755.980861244017700 25157.894736842110900 30057.416267942589300 33899.521531100479900 30330.143540669858000 32062.200956937803800
24851.674641148326000 23459.330143540672300 25095.693779904309100 30411.483253588515300 25119.617224880382400 28583.732057416267400 29679.425837320580500 23411.483253588511500
21770.334928229665100 23325.358851674641200 23784.688995215312300 26023.923444976075400 28990.430622009569700 29124.401913875598300 23818.181818181817900 23588.516746411480800
23425.837320574164100 24124.401913875601400 25057.416267942580600 28952.153110047847900 33956.937799043066200 30641.148325358850600 31856.459330143541700 28837.320574162681300
24660.287081339711500 25110.047846889954600 28904.306220095691900 30143.540669856460600 24205.741626794259000 24239.234449760768900 24038.277511961722400 24263.157894736836600
25301.435406698563700 28923.444976076556300 30540.669856459329900 24043.062200956939300 24454.545454545452500 25124.401913875605500 24976.076555023920200 24784.688995215309600
28851.674641148324400 32239.234449760765600 29497.607655502391900 31339.712918660288700 30483.253588516749800 27220.095693779908700 27095.693779904309100 33708.133971291865700
35200.956937799039100 29004.784688995216700 27205.741626794263200 27617.224880382775000 27794.258373205742400 28277.511961722491300 33454.545454545455000 32751.196172248805600
27511.961722488042600 25760.765550239238400 25808.612440191391000 26038.277511961722600 27971.291866028711100 30789.473684210527000 30760.765550239236800 25425.837320574162400
27382.775119617225300 27157.894736842105700 29574.162679425840300 30244.019138755983900 31956.937799043058500 31770.334928229667600 26870.813397129187300 27488.038277511963000
32124.401913875602000 28066.985645933015100 29177.033492822970200 32258.373205741629000 35239.234449760769000 31272.727272727273900 28535.885167464118600 28133.971291866031900
27822.966507177033300 28564.593301435406200 29875.598086124407800 30760.765550239233400 26009.569377990435000 26473.684210526318400 26282.296650717705900 27430.622009569383900
29071.770334928233200 32014.354066985646500 33755.980861244020500 29397.129186602873200 27837.320574162680900 28832.535885167466900 31674.641148325362000 32349.282296650721700
34311.004784688998620 34956.937799043065000 26000.000000000001200 27315.789473684212600 28272.727272727270700 27009.569377990433000 30090.909090909096000 33626.794258373209500
32985.645933014355100 24287.081339712918000 25244.019138755984300 26081.339712918664400 27047.846889952154500 26224.880382775116400 31315.789473684212800 30052.631578947371600
22253.588516746409900 21430.622009569376500 21760.765550239234200 22492.822966507176900 25263.157894736842900 29827.751196172245700 30813.397129186605800 22583.732057416262600
21693.779904306224900 22607.655502392342100 24555.023923444982100 30516.746411483255000 28765.550239234447400 31928.229665071768600 23679.425837320578600 23607.655502392341400
23555.023923444971600 22473.684210526313800 24181.818181818185000 27153.110047846889000 28751.196172248806800 21813.397129186601800 21736.842105263159500 21746.411483253587600
21770.334928229667300 23440.191387559810000 27358.851674641148900 28267.942583732055600 22311.004784688999300 23196.172248803826100 22177.033492822963100 23464.114832535882500
24540.669856459331700 28325.358851674642500 27334.928229665071400 21287.081339712918700 21650.717703349283900 23220.095693779907300 27861.244019138757000 24444.976076555026200
27889.952153110047200 28277.511961722490300 21521.531100478461500 21851.674641148328400 22899.521531100478700 22430.622009569375900 24191.387559808612100 28669.856459330146800
28392.344497607651900 21990.430622009571600 21889.952153110045800 21827.751196172248400 22535.885167464115500 23918.660287081338500 27588.516746411483500 28172.248803827752100
21368.421052631578800 20966.507177033497500 22339.712918660287500 23215.311004784691400 24578.947368421052000 27569.377990430625700 29043.062200956943000 22258.373205741629800
23114.832535885170400 23799.043062200953900 23789.473684210528600 26023.923444976077600 29263.157894736841800 30392.344497607656100 24205.741626794263400 23248.803827751196600
23377.990430622009300 23712.918660287085900 25478.468899521533500 29588.516746411487300 31287.081339712920100 23555.023923444977700 24234.449760765550300 23531.100478468902700
23511.961722488040500 25947.368421052630300 28516.746411483253600 30191.387559808612000 24191.387559808616700 23799.043062200961900 24052.631578947370300 25244.019138755978600
27057.416267942582000 29727.272727272724900 30784.688995215308100 20846.889952153112100 6114.832535885168900 23344.497607655504900 26229.665071770337500 26425.837320574162400
29526.315789473683600 30047.846889952147300 22368.421052631581400 21861.244019138757600 25325.358851674639100 23779.904306220094500 25708.133971291861700 28674.641148325360200
30186.602870813398100 23578.947368421053600 23148.325358851675200 23191.387559808614700 23861.244019138753000 24722.488038277515900 29464.114832535890600 29416.267942583734600
24052.631578947368900 23382.775119617230300 23349.282296650714400 23459.330143540663900 24588.516746411484200 28655.502392344496600 29889.952153110049600 24014.354066985645600
24330.143540669856200 25090.909090909087600 23392.344497607657300 24755.980861244022800 27578.947368421052600 28837.320574162677600 23110.047846889956700 22014.354066985643900
22550.239234449764300 22765.550239234449000 24540.669856459330000 29449.760765550241100 29459.330143540672000 22234.449760765550500 22320.574162679425900 23875.598086124407100
23593.301435406698700 24607.655502392341600 28038.277511961728000 29665.071770334930500 25607.655502392348800 28894.736842105262300 21846.889952153106700 23564.593301435408300
23157.894736842107400 27511.961722488037800 28583.732057416268200 21918.660287081340600 22846.889952153112700 22789.473684210528100 21641.148325358851100 24483.253588516745900
29851.674641148329900 30540.669856459331700 24181.818181818180100 22789.473684210527100 23755.980861244020300 23502.392344497608000 25138.755980861243900 29057.416267942583700
29105.263157894738800 21856.459330143542800 21354.066985645937000 22468.899521531101400 23234.449760765551000 24755.980861244021400 29023.923444976084700 29937.799043062199300
23421.052631578948700 23311.004784688996000 23990.430622009569700 23511.961722488040000 24354.066985645934800 28636.363636363638200 29277.511961722487300 22669.856459330142400
22880.382775119620300 22459.330143540670600 22157.894736842101500 24521.531100478467800 28215.311004784689300 28832.535885167462900 23325.358851674643200 23387.559808612441500
23598.086124401914600 24531.100478468903000 24746.411483253585200 29076.555023923444700 24717.703349282297600 28430.622009569383800 22459.330143540675200 22550.239234449758700
22459.330143540670300 24660.287081339712100 28708.133971291869100 29143.540669856459800 22751.196172248802000 21885.167464114828800 22291.866028708132200 22971.291866028711000
23880.382775119616300 28966.507177033497700 29239.234449760765400 21961.722488038286200 21430.622009569380000 23167.464114832533900 22449.760765550242400 24186.602870813394500
28215.311004784687900 29889.952153110043000 21928.229665071766400 23421.052631578950400 24301.435406698566500 29143.540669856455200 25473.684210526317900 26363.636363636366300
27779.904306220098700 21052.631578947370200 22483.253588516749600 28014.354066985647300 22392.344497607657700 24344.497607655502300 29382.775119617227800 29086.124401913876400
22133.971291866030000 21751.196172248801600 22387.559808612438900 22354.066985645934700 24488.038277511965000 28502.392344497605200 31019.138755980859500 24468.899521531103900
21827.751196172248500 22110.047846889952300 23641.148325358850600 24775.119617224881100 28387.559808612440200 28803.827751196175000 22019.138755980861600 22325.358851674644800
23507.177033492823100 24244.019138755980700 25569.377990430624800 29339.712918660288400 28956.937799043067000 22459.330143540672100 22057.416267942582800 22559.808612440193200
23291.866028708131900 26665.071770334925700 34277.511961722489500 32794.258373205743000 25583.732057416263800 24617.224880382775900 23444.976076555021500 22315.789473684212100
24703.349282296650900 28770.334928229666700 29885.167464114832800 30516.746411483253100 23913.875598086125100 23287.081339712917200 24923.444976076556100 26751.196172248800800
31167.464114832540600 29301.435406698571200 23205.741626794259600 22641.148325358852000 22703.349282296652600 23473.684210526320700 25770.334928229668700 30234.449760765551600
30521.531100478468000 32114.832535885168200 28177.033492822970000 28641.148325358851600 28215.311004784690600 30014.354066985644000 35598.086124401916600 36531.100478468902000
27956.937799043064000 24674.641148325357100 28851.674641148326000 31913.875598086127700 33799.043062200960300 38712.918660287083900 39421.052631578952000 31741.626794258375800
29626.794258373207600 27665.071770334925300 27789.473684210529820 27607.655502392346300 31023.923444976078600 34440.191387559806200 26837.320574162686200 26488.038277511968000
29358.851674641150700 26612.440191387565400 27555.023923444976200 30382.775119617222600 31564.593301435409200 23746.411483253584000 24708.133971291864900 27057.416267942584200
26813.397129186603200 26598.086124401914600 29751.196172248806600 30502.392344497608400 24741.626794258370100 26947.368421052635500 27516.746411483253300 27229.665071770335700
26641.148325358852600 30693.779904306219200 33545.454545454544200 26655.502392344495200 25153.110047846893200 24425.837320574167400 28172.248803827749600 29995.215311004790700
36444.976076555029600 37861.244019138764000 30000.000000000003000 32971.291866028706500 33909.090909090913400 36492.822966507178000 30655.502392344504500 34406.698564593303400
35057.416267942581400 31330.143540669862100 31775.119617224888200 27588.516746411485100 27406.698564593304200 30521.531100478467700 32191.387559808618000 33708.133971291867600
27775.119617224880500 28291.866028708137800 29822.966507177031700 28301.435406698564500 30363.636363636364800 34617.224880382779700 37143.540669856466000 29918.660287081342200
29090.909090909087900 29177.033492822966400 25822.966507177038100 27354.066985645930100 31004.784688995222000 31133.971291866030300 25244.019138755984300 26430.622009569379400
26263.157894736840600 27119.617224880385100 28822.966507177034100 33349.282296650722600 35363.636363636367000 25799.043062200957800 24583.732057416275900 24086.124401913881700
27765.550239234449000 29889.952153110050300 34889.952153110048300 34526.315789473688200 25564.593301435408600 24301.435406698564000 23770.334928229662900 24153.110047846889800
26459.330143540674800 29583.732057416270000 30071.770334928229200 24052.631578947370300 23248.803827751197600 23105.263157894739600 24497.607655502394900 25650.717703349284000
29559.808612440198500 32148.325358851678000 23330.143540669857000 24636.363636363638500 24995.215311004781100 24688.995215311004100 25071.770334928228100 29387.559808612437000
29722.488038277509100 23205.741626794256200 23669.856459330145600 23473.684210526315400 24712.918660287080700 25578.947368421054900 28569.377990430622800 29894.736842105262900
22626.794258373207900 21794.258373205742100 22033.492822966507700 23564.593301435412000 24411.483253588522500 29712.918660287084100 30899.521531100474000 23358.851674641145800
21779.904306220094300 22693.779904306217600 23669.856459330143000 25842.105263157899400 30253.588516746416400 30272.727272727276200 22870.813397129185500 23272.727272727272500
23928.229665071776600 24813.397129186603300 27019.138755980861000 29904.306220095695600 30028.708133971291500 22937.799043062200400 22665.071770334925800 22889.952153110046000
23014.354066985644800 25177.033492822964500 29019.138755980863800 30014.354066985645600 22842.105263157904700 22794.258373205741300 23636.363636363632400 23999.999999999995500
25650.717703349288500 29325.358851674640300 30588.516746411485900 22114.832535885169500 22569.377990430621400 22712.918660287077500 23885.167464114835000 25832.535885167465500
31684.210526315791900 30449.760765550246200 23349.282296650723000 23196.172248803823800 23674.641148325361200 23215.311004784687600 26052.631578947368100 30057.416267942581500
31708.133971291871000 24531.100478468898600 23325.358851674641500 23449.760765550240100 23645.933014354066200 25320.574162679428900 29416.267942583732800 30138.755980861246900
23550.239234449758800 23856.459330143539400 24066.985645933011500 25392.344497607662700 27000.000000000000200 30248.803827751193500 30181.818181818183200 27272.727272727277100
21822.966507177035600 9966.507177033495100 24220.095693779909000 27784.688995215312700 29832.535885167461400 31387.559808612442200 27401.913875598091200 21047.846889952154900
24090.909090909091000 26559.808612440192100 26167.464114832536500 30076.555023923450800 30234.449760765554800 23507.177033492823100 22827.751196172249700 23339.712918660294600
23521.531100478471400 24928.229665071767400 28937.799043062200300 29550.239234449765500 24119.617224880385300 22602.870813397124900 23325.358851674644200 24062.200956937803400
25354.066985645934500 28684.210526315794300 29755.980861244021300 23062.200956937800100 22559.808612440190500 22999.999999999997900 23942.583732057414100 25449.760765550245300
28545.454545454550300 30095.693779904310400 23349.282296650717600 23181.818181818178000 23803.827751196178800 24918.660287081342000 25933.014354066992200 30100.478468899519500
30320.574162679426500 24062.200956937797600 23387.559808612440200 23861.244019138756500 24669.856459330141400 26157.894736842112700 30043.062200956943800 30459.330143540667000
24516.746411483250900 23387.559808612438500 22937.799043062197900 23684.210526315788800 26990.430622009571100 29210.526315789473100 30287.081339712917400 23703.349282296650400
21885.167464114827800 22545.454545454543500 24191.387559808611100 25272.727272727273000 28368.421052631581800 28822.966507177032500 22732.057416267941500 22722.488038277510900
22373.205741626794000 23311.004784688996400 25985.645933014350600 29598.086124401915600 30421.052631578948400 25947.368421052633300 27880.382775119615300 23248.803827751197700
23684.210526315788000 25440.191387559810100 32435.406698564593200 30813.397129186604600 23746.411483253585300 23669.856459330142200 23272.727272727273400 22885.167464114834700
25377.990430622009900 30066.985645933015800 30569.377990430625200 22090.909090909094700 22909.090909090906200 24473.684210526319200 22784.688995215306500 25277.511961722488300
29311.004784688998600 30105.263157894736200 22961.722488038279400 24808.612440191391800 24708.133971291864500 24272.727272727271000 25933.014354066990200 30904.306220095688300
30488.038277511959400 23229.665071770339000 22899.521531100482400 22832.535885167463000 23052.631578947366900 25775.119617224885200 29444.976076555025300 31133.971291866027000
23119.617224880378900 24550.239234449762700 25741.626794258373500 26038.277511961721400 28626.794258373207500 32999.999999999996000 33464.114832535883600 26339.712918660284400
25956.937799043064900 25722.488038277512900 29425.837320574164200 27157.894736842106400 30956.937799043063000 29095.693779904307000 29928.229665071770300 23157.894736842106000
22851.674641148327900 25177.033492822965600 29244.019138755981200 28330.143540669856900 29665.071770334928100 23105.263157894740600 22976.076555023928700 25856.459330143541800
32253.588516746413000 29019.138755980859400 32976.076555023918100 33244.019138755979500 25397.129186602868300 24789.473684210528500 25779.904306220091400 26842.105263157897900
29732.057416267942100 32507.177033492827300 33626.794258373206200 24842.105263157896000 25191.387559808614800 26263.157894736843600 28090.909090909094800 30775.119617224882000
33961.722488038278800 34564.593301435409000 23344.497607655502400 22535.885167464112300 22937.799043062200300 23277.511961722491100 26588.516746411488000 30325.358851674643600
30956.937799043061600 23181.818181818186700 23153.110047846893600 24258.373205741625900 24966.507177033491300 28813.397129186605800 32980.861244019141000 36732.057416267944200
26875.598086124401700 23918.660287081335900 24344.497607655505600 25593.301435406700900 27019.138755980864900 30583.732057416272400 32406.698564593306300 26875.598086124397700
32569.377990430621000 28583.732057416268700 31985.645933014351400 34392.344497607656100 37019.138755980864000 36808.612440191388200 29263.157894736844300 28014.354066985646600
27531.100478468899900 27387.559808612440700 28421.052631578946700 31889.952153110048000 33684.210526315791000 27765.550239234449000 31483.253588516745000 24732.057416267945400
26368.421052631575300 28947.368421052629400 31909.090909090907100 31406.698564593300600 25129.186602870812700 24507.177033492818700 26880.382775119616300 28971.291866028712800
29980.861244019140800 33435.406698564588300 34401.913875598087000 25875.598086124404400 26114.832535885168300 28459.330143540671000 29473.684210526317000 31559.808612440193500
35090.909090909095700 36799.043062200955900 31052.631578947370700 30177.033492822966200 30712.918660287083700 28354.066985645938100 28320.574162679431000 31172.248803827747300
33507.177033492827000 28057.416267942588500 29478.468899521528500 27363.636363636364900 28157.894736842106500 32507.177033492830300 35598.086124401908500 36918.660287081342200
30535.885167464116200 30038.277511961722900 30679.425837320573900 31679.425837320571900 31009.569377990431000 33153.110047846892800 35138.755980861241200 29138.755980861241400
29291.866028708137100 30282.296650717707900 31311.004784688998500 32397.129186602877000 35578.947368421053000 35583.732057416272000 30325.358851674641800 28229.665071770335400
27928.229665071773900 30569.377990430621100 34282.296650717708000 33602.870813397130000 36607.655502392348000 33052.631578947367500 29267.942583732059800 28760.765550239238300
29023.923444976080700 30631.578947368424300 33043.062200956936000 33267.942583732060000 29578.947368421054700 30626.794258373206100 32660.287081339711400 30382.775119617226900
31612.440191387562000 35846.889952153113800 37617.224880382773300 32779.904306220096700 31220.095693779905200 29411.483253588519500 29363.636363636366900 31650.717703349285000
35191.387559808610000 35799.043062200957500 29119.617224880385300 28789.473684210529600 28708.133971291871100 29641.148325358850300 31808.612440191385100 35071.770334928233000
34473.684210526317000 27076.555023923445900 25832.535885167463000 25492.822966507180400 25205.741626794258600 27354.066985645932700 32703.349282296651800 33110.047846889951600
26119.617224880385500 25090.909090909094000 26081.339712918662700 26086.124401913876600 28952.153110047848100 31803.827751196171600 33411.483253588518600 25545.454545454544900
26454.545454545455600 27741.626794258375500 29248.803827751198000 30492.822966507176800 33349.282296650714600 32502.392344497610600 24425.837320574161900 25421.052631578947500
25947.368421052636300 23698.564593301440200 26143.540669856459000 30038.277511961726500 30047.846889952153200 22741.626794258372400 22832.535885167462900 24784.688995215314700
25110.047846889952400 27521.531100478468500 31641.148325358855500 34038.277511961721200 27688.995215311003500 26899.521531100477600 26196.172248803827600 26086.124401913880000
28674.641148325360500 33717.703349282297900 34023.923444976079000 24928.229665071774800 23937.799043062202700 25023.923444976080500 25784.688995215311400 26980.861244019134700
30263.157894736845400 29765.550239234454900 23837.320574162677700 23550.239234449762700 23468.899521531100500 24229.665071770336500 25990.430622009569700 30110.047846889951200
30220.095693779905000 24110.047846889952800 21760.765550239236900 23334.928229665071300 24425.837320574161400 25770.334928229665500 29684.210526315791300 29837.320574162681500
22861.244019138760700 22617.224880382778900 23138.755980861242900 23985.645933014358300 26004.784688995211900 29478.468899521529400 31210.526315789475200 23540.669856459332400
22205.741626794254200 22526.315789473683400 23540.669856459330500 26277.511961722492500 29755.980861244022800 33205.741626794263000 24354.066985645934300 24679.425837320574200
23430.622009569375900 24727.272727272730900 26712.918660287084500 30296.650717703353100 30483.253588516745900 31339.712918660291000 25325.358851674642500 26291.866028708137200
27066.985645933012000 29172.248803827752600 31808.612440191385000 32325.358851674646000 26612.440191387565000 25559.808612440191900 26559.808612440193400 28473.684210526312500
31760.765550239238000 31358.851674641150500 32066.985645933017000 27291.866028708135200 29052.631578947366000 22038.277511961723600 6100.478468899522500 25736.842105263161900
